9.813333  
21.930667  
14.165333  
16.810667  
17.109333  
10.325333  
8.021333  
10.496000  
7.637333  
12.586667  
10.410667  
8.149333  
5.034667  
8.490667  
10.752000  
6.400000  
7.210667  
7.466667  
7.381333  
7.296000  
7.509333  
6.954667  
7.168000  
7.552000  
6.485333  
6.357333  
5.248000  
5.162667  
5.162667  
4.906667  
4.821333  
5.162667  
4.650667  
4.309333  
4.693333  
4.821333  
6.058667  
4.949333  
8.362667  
9.941333  
4.522667  
4.864000  
5.248000  
5.888000  
4.736000  
3.968000  
2.773333  
6.698667  
3.840000  
4.437333  
4.224000  
5.973333  
3.413333  
3.285333  
3.328000  
6.058667  
2.304000  
2.560000  
1.877333  
5.034667  
1.237333 
